$ 3 1 0.019691167520419408 50 5 50 5e-11
374 -1560 -296 -1560 -176 0 0.9802000000000001 Light\sBrightness
r -1560 -176 -1560 -40 0 32850
w -1528 -176 -1560 -176 0
w -1560 -296 -1560 -320 0
R -1560 -320 -1560 -376 0 0 40 5 0 0 0.5
g -1560 -40 -1560 -8 0 0
w -600 192 -504 192 0
w -664 192 -600 192 0
w -624 160 -504 160 0
w -664 160 -624 160 0
g -504 96 -544 96 0 0
w -664 128 -504 128 0
a -936 -72 -864 -72 10 5 0 1000000 4.375 4.714521900247289 100000
a -936 -24 -864 -24 10 5 0 1000000 3.75 4.714521900247289 100000
a -936 24 -864 24 10 5 0 1000000 3.124999999999999 4.714521900247289 100000
a -936 72 -864 72 10 5 0 1000000 2.499999999999999 4.714521900247289 100000
a -936 120 -864 120 10 5 0 1000000 1.8749999999999993 4.714521900247289 100000
a -936 168 -864 168 10 5 0 1000000 1.2499999999999993 4.714521900247289 100000
a -936 216 -864 216 10 5 0 1000000 0.6249999999999997 4.714521900247289 100000
r -968 -128 -968 -80 0 1000
r -968 -80 -968 -32 0 1000
r -968 -32 -968 16 0 1000
r -968 16 -968 64 0 1000
r -968 64 -968 112 0 1000
r -968 112 -968 160 0 1000
r -968 160 -968 208 0 1000
r -968 208 -968 256 0 1000
R -968 -128 -1008 -128 0 0 40 5 0 0 0.5
w -968 -80 -936 -80 0
w -968 -32 -936 -32 0
w -968 16 -936 16 0
w -968 64 -936 64 0
w -968 112 -936 112 0
w -968 160 -936 160 0
w -968 208 -936 208 0
w -936 -64 -936 -16 0
w -936 -16 -936 32 0
w -936 32 -936 80 0
w -936 80 -936 128 0
w -936 128 -936 176 0
w -936 176 -936 224 0
w -936 -64 -936 -112 0
g -968 256 -968 264 0 0
154 -752 232 -688 232 1 7 5 5
w -864 216 -864 256 0
w -864 256 -752 256 0
w -864 168 -856 168 0
w -856 168 -856 248 0
w -856 248 -752 248 0
w -864 120 -848 120 0
w -848 120 -848 240 0
w -848 240 -752 240 0
w -864 72 -840 72 0
w -840 72 -840 232 0
w -840 232 -752 232 0
w -864 24 -832 24 0
w -832 24 -832 224 0
w -832 224 -752 224 0
w -864 -24 -824 -24 0
w -824 -24 -824 216 0
w -824 216 -752 216 0
w -864 -72 -816 -72 0
w -816 -72 -816 208 0
w -816 208 -752 208 0
154 -760 160 -688 160 1 3 5 5
w -856 168 -760 168 0
w -760 160 -792 160 0
w -760 152 -784 152 0
w -792 160 -792 72 0
w -792 72 -840 72 0
w -784 152 -784 -24 0
w -784 -24 -824 -24 0
w -792 72 -688 72 0
w -688 232 -688 192 0
w -688 72 -688 128 0
w -688 128 -664 128 0
w -688 160 -664 160 0
w -688 192 -664 192 0
w -80 288 -80 224 0
w -376 288 -80 288 0
w -112 256 -112 224 0
w -376 256 -112 256 0
w -376 224 -144 224 0
w -376 192 -208 192 0
w -376 160 -208 160 0
w -376 128 -208 128 0
w -376 96 -208 96 0
157 -208 96 -192 96 0 7 0 0
197 -504 96 -400 96 0
w 1720 2768 2560 2768 0
w 592 2768 1720 2768 0
w 2552 2072 2560 2768 0
w 1016 2064 1656 2064 0
w 1656 1376 1656 2064 0
r 1224 1344 1224 1408 0 54000
w 2544 1376 2552 2072 0
165 1264 1312 1432 1312 6 0
g 1224 1504 1224 1536 0 0
w 1264 1344 1224 1344 0
w 1328 1280 1328 1248 0
w 1328 1280 1224 1280 0
r 1224 1280 1224 1344 0 1000
w 1224 1408 1240 1408 0
w 1240 1408 1264 1408 0
w 1264 1440 1240 1440 0
w 1240 1440 1240 1408 0
w 1360 1472 1360 1536 0
g 1360 1536 1360 1576 0 0
R 1328 1248 1328 1216 0 0 40 5 0 0 0.5
w 1392 1376 1656 1376 0
w 1192 1408 1224 1408 0
w 1224 1344 1192 1344 0
d 1192 1344 1192 1408 2 default
c 1224 1408 1224 1504 4 0.001 0.049504950495049875 0 0
c 1328 1472 1328 1544 4 0.00001 3.333333333333333 0.001 0
g 1328 1544 1328 1568 0 0
w 1656 1376 1808 1376 0
w 592 2640 656 2640 0
w 592 2456 656 2456 0
w 592 2456 592 2256 0
w 592 2640 592 2456 0
w 592 2768 592 2640 0
w 592 2256 656 2256 0
g 1048 2272 1104 2272 0 0
164 1808 1376 2000 1376 0 4 5 0 5 0 false 0
w -104 1256 824 1256 0
w -104 1256 -104 1352 0
w -360 1352 -104 1352 0
w -664 1352 -360 1352 0
w -664 424 -664 1352 0
w -616 1288 -360 1288 0
w 856 1240 856 1464 0
w -136 1240 856 1240 0
w -136 1240 -136 1288 0
w -360 1288 -136 1288 0
w -552 1208 -360 1208 0
w -552 600 -552 1208 0
w 560 2144 560 2608 0
w 656 2144 560 2144 0
w 656 1952 656 2144 0
w 320 2224 320 1984 0
w 656 2224 320 2224 0
w 656 2608 560 2608 0
w 496 2424 656 2424 0
w 496 1968 496 2424 0
w 344 2064 168 2064 0
w 520 2064 344 2064 0
w 848 2064 672 2064 0
w 1016 2064 848 2064 0
w 1016 1824 1016 2064 0
w 848 1824 848 2064 0
w 672 1824 672 2064 0
w 344 1824 344 2064 0
w 168 1824 168 2064 0
w -360 1208 888 1208 0
w 320 1792 320 1984 0
w 288 1792 320 1792 0
w 496 1792 496 1968 0
w 456 1792 496 1792 0
w 656 1952 48 1944 0
w 656 1792 656 1952 0
w 632 1792 656 1792 0
w 816 1936 64 1928 0
w 816 1792 816 1936 0
w 792 1792 816 1792 0
w 992 1920 80 1912 0
w 992 1792 992 1920 0
w 968 1792 992 1792 0
w 1200 1904 96 1896 0
w 1200 1792 1200 1904 0
w 1136 1792 1200 1792 0
155 1040 1792 1160 1792 2 0
155 872 1792 992 1792 2 0
155 696 1792 816 1792 2 0
155 536 1792 656 1792 2 0
155 360 1792 480 1792 2 0
w 1224 2488 1224 2456 0
w 1112 2488 1224 2488 0
w 1208 2456 1208 2472 0
w 1112 2472 1208 2472 0
w 1112 2456 1192 2456 0
w 1112 2440 1160 2440 0
w 1112 2424 1160 2424 0
w 1112 2408 1160 2408 0
w 1112 2392 1160 2392 0
157 1160 2392 1184 2392 1 7 0 0
197 1048 2392 1056 2392 1
w 1048 2392 1048 2272 0
155 192 1792 312 1792 2 5
155 656 2608 776 2608 2 0
155 656 2424 776 2424 2 0
155 656 2224 776 2224 2 5
w 752 2424 1048 2424 0
w 752 2224 928 2224 0
w 1048 2408 928 2408 0
w 928 2224 928 2408 0
w 1048 2440 928 2440 0
w 928 2440 928 2600 0
w 752 2608 928 2608 0
w 928 2600 928 2608 0
w -664 128 -664 424 0
w -624 160 -616 1288 0
w -600 192 -600 600 0
w -600 600 -552 600 0
r 1248 -1224 1336 -1224 0 1000
w 1336 -1048 1336 -1024 0
w 1336 -1088 1336 -1048 0
w 1336 -1224 1336 -1272 0
w 1336 -1208 1336 -1224 0
w 1264 -1048 1336 -1048 0
w 1216 -1040 1160 -1040 0
w 1216 -1048 1216 -1040 0
w 1216 -1224 1216 -1272 2
w 992 -1040 1064 -1040 0
r 1064 -1040 1160 -1040 0 200
g 992 -1040 992 -1008 0 0
178 1248 -1224 1248 -1048 6 1 0.2 0 0.05 1000000 0.02 20 0.015 0.005 0
r 1408 -1440 1496 -1440 0 470
g 1336 -1000 1288 -1000 0 0
c 1336 -1208 1336 -1088 4 0.000049999999999999996 -1.795e-320 0 0
w 1336 -1024 1336 -1000 0
w 1600 -1208 1600 -952 0
w 1600 -1288 1600 -1208 2
w 1600 -1288 1592 -1288 0
w -312 -448 -336 -448 0
w -312 -632 -336 -632 0
w 1368 -1304 1384 -1304 2
w 1368 -1440 1368 -1304 0
w 1368 -1440 1408 -1440 0
w 1328 -1440 1368 -1440 0
g 1496 -1440 1496 -1392 0 0
R 1248 -1440 1192 -1440 0 0 40 5 0 0 0.5
r 1248 -1440 1328 -1440 0 1000
w 1336 -1272 1384 -1272 2
a 1384 -1288 1592 -1288 8 5 0 1000000 1.598639455782313 -1.795e-320 100000
r 1216 -1272 1336 -1272 0 819999.9999999999
w -256 -288 -240 -288 0
w -264 -464 -208 -464 0
w -144 -648 -136 -648 0
w -168 -648 -144 -648 0
197 976 -2272 1080 -2272 0
157 1272 -2272 1288 -2272 0 7 0 0
w 1104 -2272 1272 -2272 0
w 1104 -2240 1272 -2240 0
w 1104 -2208 1272 -2208 0
w 1104 -2176 1272 -2176 0
w 1104 -2144 1336 -2144 0
w 1104 -2112 1368 -2112 0
w 1368 -2112 1368 -2144 0
w 1104 -2080 1400 -2080 0
w 1400 -2080 1400 -2144 0
g 976 -2272 936 -2272 0 0
w 152 -640 8 -640 0
w 152 -472 152 -640 0
w 16 -280 152 -280 0
w 152 -440 152 -280 0
w 8 -456 152 -456 0
152 152 -456 376 -456 0 3 0 5
w -408 -648 -360 -648 0
w -432 -464 -360 -464 0
155 -312 -648 -280 -648 1 5
154 -88 -640 8 -640 1 2 0 5
w -360 -648 -312 -648 0
w -360 -648 -360 -560 0
w -360 -560 -96 -560 0
w -96 -560 -96 -632 0
w -96 -632 -88 -632 0
w -136 -648 -88 -648 0
155 -312 -464 -280 -464 1 5
154 -88 -456 8 -456 1 2 0 5
w -360 -464 -312 -464 0
w -360 -464 -360 -376 0
w -360 -376 -96 -376 0
w -96 -376 -96 -448 0
w -96 -448 -88 -448 0
w -136 -464 -88 -464 0
w -88 -272 -80 -272 0
w -88 -200 -88 -272 0
w -352 -200 -88 -200 0
w -352 -288 -352 -200 0
w -352 -288 -304 -288 0
154 -80 -280 16 -280 1 2 0 5
155 -304 -288 -272 -288 1 5
w -624 160 -624 -464 0
w -624 -464 -432 -464 0
w 824 1256 824 1464 0
w 888 1208 888 1464 0
196 296 1496 392 1496 4098 4
196 632 1496 744 1496 4098 4
w 792 1464 792 1424 0
w 792 1424 920 1424 0
w 920 1464 920 1424 0
w 920 1424 992 1424 0
w 992 1424 992 1488 0
g 992 1488 992 1536 0 0
w 96 1896 96 1352 0
w 96 1352 760 1352 0
w 584 1464 616 1464 0
w 616 1464 616 1560 0
w 616 1560 664 1560 0
w 760 1352 760 1464 0
w 728 1384 728 1464 0
w 80 1912 80 1320 0
w 80 1320 728 1320 0
w 728 1320 728 1384 0
w 64 1928 56 1304 0
w 56 1304 696 1304 0
w 696 1304 696 1464 0
w 48 1944 40 1288 0
w 40 1288 664 1288 0
w 496 1968 32 1960 0
w 320 1984 0 1976 0
w 32 1960 24 1280 0
w 24 1280 552 1280 0
w 552 1280 552 1464 0
w 0 1976 0 1272 0
w 0 1272 520 1272 0
w 520 1272 520 1464 0
w 240 1600 240 1560 0
w 240 1560 240 1416 0
w 240 1416 328 1416 0
w 328 1416 360 1416 0
w 360 1416 392 1416 0
w 392 1416 424 1416 0
w 424 1416 456 1416 0
w 456 1416 488 1416 0
w 328 1464 328 1416 0
w 360 1464 360 1416 0
w 392 1464 392 1416 0
w 424 1464 424 1416 0
w 456 1464 456 1416 0
w 488 1464 488 1416 0
g 240 1600 240 1624 0 0
w 664 1288 664 1464 0
w 824 1560 824 1600 0
w 824 1600 1040 1600 0
w 1040 1600 1040 1792 0
w 792 1560 792 1624 0
w 792 1624 864 1624 0
w 864 1624 864 1792 0
w 864 1792 872 1792 0
w 760 1560 760 1696 0
w 760 1696 696 1696 0
w 696 1696 696 1792 0
w 728 1560 728 1656 0
w 728 1656 536 1656 0
w 536 1656 536 1792 0
w 488 1560 488 1640 0
w 488 1640 360 1640 0
w 360 1640 360 1792 0
w 456 1560 456 1608 0
w 456 1608 328 1608 0
w 328 1608 328 1712 0
w 328 1712 192 1712 0
w 192 1712 192 1792 0
w 520 2064 672 2064 0
w 168 1824 192 1824 0
w 344 1824 360 1824 0
w 520 2064 520 1824 0
w 520 1824 536 1824 0
w 672 1824 696 1824 0
w 848 1824 872 1824 0
w 1016 1824 1040 1824 0
w 192 1856 192 2032 0
w 656 2288 624 2288 0
w 624 2288 624 2032 0
w 192 2032 360 2032 0
w 360 2032 536 2032 0
w 360 1856 360 2032 0
w 536 1856 536 2032 0
w 536 2032 624 2032 0
w 624 2032 696 2032 0
w 696 1856 696 2032 0
w 696 2032 872 2032 0
w 872 1856 872 2032 0
w 872 2032 1040 2032 0
w 1040 1856 1040 2032 0
w 624 2288 624 2488 0
w 624 2488 656 2488 0
w 624 2488 624 2672 0
w 624 2672 656 2672 0
w 1808 1472 1752 1472 0
w 1752 1472 1752 1576 0
w 1904 1376 2544 1376 0
419 2024 1528 2184 1528 0 4
w 1904 1376 1968 1424 0
w 1968 1424 1968 1528 0
w 1968 1528 2024 1528 0
w 1904 1408 1944 1440 0
w 1944 1440 1944 1560 0
w 1944 1560 2024 1560 0
w 1904 1440 1928 1456 0
w 1928 1456 1928 1592 0
w 1928 1592 2024 1592 0
w 1904 1472 1912 1480 0
w 1912 1480 1912 1624 0
w 1912 1624 2024 1624 0
w 1392 1344 1592 1344 0
I 1744 1344 1592 1344 0 0.5 5
w 1744 1344 2544 1344 0
w 2544 1344 2544 1376 0
w -664 128 -664 -648 0
w -664 -648 -408 -648 0
w -600 192 -600 -288 0
w -600 -288 -352 -288 0
w 624 2672 624 2728 0
w 624 2728 1256 2728 0
w 1256 2728 1752 2728 0
w 1752 2728 1752 2088 0
w 1752 1576 1752 2080 0
w 1752 2080 1752 2088 0
w 1752 2080 1864 2080 0
R 2056 2080 2144 2080 0 0 40 5 0 0 0.5
s 1864 2080 2040 2080 0 1 true
w 2040 2080 2056 2080 0
w -104 -1120 144 -1120 0
w -168 -1480 88 -1480 0
w -128 -1296 64 -1296 0
155 192 -1120 224 -1120 1 5
154 416 -1112 512 -1112 1 2 0 5
w 144 -1120 192 -1120 0
w 144 -1120 144 -1032 0
w 144 -1032 408 -1032 0
w 408 -1032 408 -1104 0
w 408 -1104 416 -1104 0
w 360 -1296 408 -1296 0
w 400 -1280 408 -1280 0
w 400 -1208 400 -1280 0
w 136 -1208 400 -1208 0
w 136 -1296 136 -1208 0
w 136 -1296 184 -1296 0
154 408 -1288 504 -1288 1 2 0 5
155 184 -1296 216 -1296 1 5
w 360 -1480 408 -1480 0
w 400 -1464 408 -1464 0
w 400 -1392 400 -1464 0
w 136 -1392 400 -1392 0
w 136 -1480 136 -1392 0
w 136 -1480 184 -1480 0
154 408 -1472 504 -1472 1 2 0 5
155 184 -1480 216 -1480 1 5
w 64 -1296 136 -1296 0
w 88 -1480 136 -1480 0
152 648 -1288 872 -1288 0 3 0 5
w 504 -1288 648 -1288 0
w 648 -1272 648 -1112 0
w 512 -1112 648 -1112 0
w 648 -1304 648 -1472 0
w 648 -1472 504 -1472 0
w 328 -1480 352 -1480 0
w 352 -1480 360 -1480 0
w 232 -1296 288 -1296 0
w 240 -1120 256 -1120 0
w 256 -1120 368 -1120 0
w 184 -1464 160 -1464 0
w 160 -1464 160 -1288 0
w 160 -1288 160 -1280 0
w 184 -1280 160 -1280 0
w 160 -1280 160 -1104 0
w 160 -1104 192 -1104 0
w 160 -1104 160 -976 0
w -168 -1480 -208 -1480 0
w -208 -1480 -208 -648 0
w -264 -648 -208 -648 0
w -208 -648 -168 -648 0
w -128 -1296 -160 -1296 0
w -160 -1296 -160 -464 0
w -208 -464 -160 -464 0
w -160 -464 -136 -464 0
w -104 -1120 -120 -1120 0
w -120 -1120 -120 -288 0
w -240 -288 -120 -288 0
w -120 -288 -80 -288 0
w 976 -2240 928 -2240 0
w 264 -2080 264 -1480 0
w 232 -1480 264 -1480 0
w 264 -1480 328 -1480 0
w 968 -2208 864 -2208 0
w 328 -2048 328 -1296 0
w 288 -1296 328 -1296 0
w 328 -1296 360 -1296 0
w 968 -2208 976 -2208 0
w 976 -2176 920 -2176 0
w 376 -2016 376 -1336 0
w 376 -1336 376 -1120 0
w 368 -1120 376 -1120 0
w 376 -1120 416 -1120 0
w 160 -976 160 -896 0
w 160 -896 1096 -888 0
w 1096 -888 1600 -888 0
w 1600 -944 1600 -896 0
I 376 -456 544 -456 0 0.5 5
150 872 -1272 1040 -1272 0 2 0 5
w 544 -456 872 -456 0
w 872 -1256 880 -456 0
w 872 -456 880 -456 0
w 1040 -1272 1176 -1272 0
w 1176 -1272 1216 -1272 0
w 1600 -952 1600 -944 0
w 1600 -896 1600 -888 0
w -1112 -104 -1112 -168 0
w -1240 -104 -1112 -104 0
g -1240 -32 -1240 0 0 0
w -1288 -32 -1240 -32 0
w -1288 -56 -1288 -32 0
w -1240 -160 -1240 -104 0
w -1288 -88 -1288 -56 0
w -1112 -168 -1056 -168 0
w -1496 -176 -1528 -176 0
w -1112 -232 -1112 -168 0
w -1224 -232 -1112 -232 0
w -1432 -232 -1408 -232 0
w -1432 -176 -1432 -232 0
c -1288 -176 -1288 -88 4 0.000001 4.714544045466291 0.001 0
w -1328 -232 -1408 -232 0
c -1328 -232 -1224 -232 4 0.000001 0.000022145219001679095 0.001 0
w -1288 -176 -1240 -176 0
a -1240 -168 -1112 -168 11 5 0 1000000 4.714521900247289 4.714544045466291 100000
w -1432 -176 -1392 -176 0
w -1344 -176 -1288 -176 0
r -1392 -176 -1344 -176 0 16000
r -1496 -176 -1432 -176 0 16000
w -1056 -168 -936 -168 0
w -936 -168 -936 -112 0
w 8 -640 8 -536 0
w 8 -536 -336 -536 0
w -336 -632 -336 -536 0
w -336 -448 -336 -352 0
w 8 -456 8 -352 0
w -336 -352 8 -352 0
w 16 -280 16 -168 0
w 16 -168 -312 -168 0
w -304 -272 -336 -272 0
w -336 -272 -336 -168 0
w -336 -168 -312 -168 0
S 600 -2240 448 -2240 0 1 false 0 2
w 928 -2240 600 -2240 0
w 448 -2256 -672 -2256 0
w -664 -648 -672 -2256 0
w 264 -2080 264 -2216 0
w 264 -2216 264 -2224 0
w 448 -2224 264 -2224 0
S 600 -2160 448 -2160 0 1 false 0 2
w 328 -2048 328 -2144 0
w 328 -2144 448 -2144 0
w 864 -2208 864 -2160 0
w 600 -2160 864 -2160 0
S 600 -2072 448 -2072 0 1 false 0 2
w 448 -2056 376 -2056 0
w 376 -2056 376 -2016 0
w 600 -2072 920 -2072 0
w 920 -2176 920 -2072 0
w -624 -464 -624 -736 0
w -624 -736 -624 -1296 0
w -624 -1296 -624 -2024 0
w -624 -2024 -624 -2168 0
w -624 -2176 448 -2176 0
w -624 -2176 -624 -2168 0
w -600 -288 -600 -768 0
w -600 -768 -600 -1296 0
w -600 -1296 -600 -1816 0
w 448 -2088 -592 -2088 0
w -600 -1816 -600 -2088 0
w -600 -2088 -592 -2088 0
38 94 F1 0 54000 162000 -1 Resistance
